jake 1 17 4 0.900966 1.380718 2.516312 intensity 0
jake 2 11 11 0.002177 1.348813 2.084284 intensity 0
jake 3 05 5 0.928516 1.312211 1.919898 intensity 0
jake 4 05 5 0.922237 1.721916 2.60141 intensity 0
jake 5 05 NA 0.743395 NA 2.086738 intensity 0
jake 6 07 7 1.003062 2.634244 3.034052 intensity 0
jake 7 04 3 0.002063 1.093009 2.164464 intensity 0
jake 8 04 11 0.00145 2.065041 7.182371 intensity 1
jake 9 11 11 0.716819 1.580413 2.60389 intensity 0
jake 10 05 NA 0.677816 NA 2.852694 intensity 0
jake 11 12 NA 3.17559 NA 3.703506 intensity 0
jake 12 11 5 0.564919 4.211053 5.410488 intensity 1
jake 13 05 5 0.729742 1.449433 2.281044 intensity 0
jake 14 14 14 3.554627 4.754068 5.841574 intensity 0
jake 15 06 6 0.003712 1.860593 2.580326 intensity 0
jake 16 03 3 0.001942 2.644209 2.94798 intensity 0
jake 17 04 NA 0.001393 NA 1.205053 intensity 0
jake 18 06 NA 0.000809 NA NA intensity 1
jake 19 04 11 0.001666 2.452183 8.721216 intensity 2
jake 20 11 11 0.8854 2.420444 2.724297 intensity 0
jake 21 17 17 1.227931 1.307943 2.059526 intensity 0
jake 22 06 4 0.001111 3.575555 11.091819 intensity 1
jake 23 06 6 0.001506 1.43894 2.094645 intensity 0
jake 24 11 5 1.028627 1.668309 2.867737 intensity 0
jake 25 04 NA 1.929844 NA 2.377613 intensity 0
jake 26 12 NA 0.869302 NA 1.717103 intensity 0
jake 27 17 17 0.021295 1.412563 2.004305 intensity 0
jake 28 03 11 0.001296 2.164854 5.60309 intensity 1
jake 29 11 NA 0.99681 NA 1.684499 intensity 0
jake 30 08 8 1.588921 2.836154 3.443843 intensity 0
jake 31 07 12 0.002353 0.002984 2.596963 name 0
jake 32 06 4 0.001224 1.57314 2.500639 name 0
jake 33 05 5 1.077184 1.252906 1.972629 name 0
jake 34 03 3 0.000736 2.547888 3.155603 name 0
jake 35 05 NA 0.876608 NA 2.763795 name 0
jake 36 11 4 0.965153 1.364621 2.724062 name 0
jake 37 03 3 0.00164 1.397161 2.16477 name 0
jake 38 07 NA 0.001368 NA 1.877061 name 0
jake 39 08 NA 1.589242 NA 7.874154 name 1
jake 40 07 6 0.000946 2.036208 6.849912 name 1
jake 41 08 NA 0.800884 NA 3.375736 name 0
jake 42 05 3 0.913236 1.37708 2.97626 name 0
jake 43 17 4 0.840629 2.359963 3.399394 name 0
jake 44 08 7 0.932819 1.444544 2.420121 name 0
jake 45 11 NA 1.013527 NA 4.93165 name 1
jake 46 14 6 0.69319 0.757177 4.515469 name 0
jake 47 03 3 0.740302 1.491927 2.1156 name 0
jake 48 04 3 0.001507 1.333559 2.43707 name 0
jake 49 11 3 1.277397 1.405232 3.996053 name 0
jake 50 17 4 1.828326 2.419977 3.811352 name 0
jake 51 06 6 0.917021 2.148533 2.98 name 0
jake 52 05 5 0.773473 2.036845 2.852482 name 0
jake 53 17 NA 0.582922 NA 1.174727 name 0
jake 54 04 3 0.002104 3.653637 4.741124 name 1
jake 55 06 NA 0.001328 NA 1.669245 name 0
jake 56 04 4 0.001637 1.093462 1.765083 name 0
jake 57 12 6 0.728213 1.208044 2.087598 name 0
jake 58 11 5 0.704803 2.112074 3.055574 name 0
jake 59 04 3 0.003067 1.876275 4.802916 name 0
jake 60 14 3 0.001804 2.339643 3.747042 name 0
john 31 08 5 1.294977 1.694775 6.540593 intensity 0
john 32 11 5 1.948249 2.699763 4.043165 intensity 0
john 33 03 3 0.000881 2.091505 3.019086 intensity 0
john 34 12 NA 1.242051 NA 3.848912 intensity 0
john 35 17 12 0.803399 3.937867 12.525971 intensity 4
john 36 11 5 1.093202 2.036789 4.355821 intensity 0
john 37 12 7 0.878099 1.16592 3.132983 intensity 2
john 38 17 NA 0.790944 NA 1.47864 intensity 0
john 39 04 4 0.000327 1.077493 1.813194 intensity 0
john 40 08 4 0.901728 1.365528 7.154954 intensity 1
john 41 17 NA 0.724917 NA 2.084406 intensity 0
john 42 05 NA 1.301016 NA 2.13266 intensity 0
john 43 03 NA 0.748362 NA 2.603399 intensity 0
john 44 04 4 0.0009 1.561638 2.569171 intensity 0
john 45 04 4 0.000322 1.273303 2.104908 intensity 0
john 46 05 NA 2.784069 NA 3.711633 intensity 0
john 47 03 NA 0.000912 NA 3.326404 intensity 1
john 48 08 NA 1.237097 NA 2.580505 intensity 0
john 49 07 NA 0.058003 NA 1.705287 intensity 0
john 50 17 NA 0.677196 NA 2.196462 intensity 0
john 51 11 11 0.822188 1.238014 2.469439 intensity 0
john 52 06 7 0.042662 1.258067 5.048478 intensity 1
john 53 05 NA 0.981248 NA 6.082932 intensity 1
john 54 11 5 1.089702 1.809352 3.200653 intensity 0
john 55 11 5 0.000426 1.892366 3.331642 intensity 0
john 56 07 7 0.645299 1.588858 3.204128 intensity 0
john 57 05 5 1.061435 1.733132 2.580685 intensity 0
john 58 04 4 0.000338 1.540011 4.210901 intensity 0
john 59 03 3 1.693306 2.221175 2.940783 intensity 0
john 60 04 NA 0.001677 NA 2.196697 intensity 0
john 1 11 5 0.868944 2.148396 3.71565 name 0
john 2 17 NA 0.70968 NA 1.509326 name 0
john 3 04 NA 0.000962 NA 2.381551 name 0
john 4 08 8 1.349081 9.889336 11.744581 name 0
john 5 03 3 2.013075 2.045061 3.500465 name 0
john 6 05 5 3.412904 4.868242 18.58998 name 2
john 7 07 6 0.853819 2.053308 3.972499 name 0
john 8 06 6 1.300936 2.420485 4.595533 name 0
john 9 06 NA NA NA NA name 0
john 10 08 NA 2.189843 NA 3.101425 name 0
john 11 17 NA 1.309029 NA 1.916807 name 0
john 12 17 NA 0.001353 NA 1.705453 name 0
john 13 17 NA 0.979222 NA 1.634938 name 0
john 14 04 4 2.03431 2.5141 3.681587 name 0
john 15 03 3 1.681905 2.657351 3.42502 name 0
john 16 12 NA 1.789233 NA 2.652908 name 0
john 17 12 6 0.000285 1.467616 4.186409 name 1
john 18 14 3 1.814838 2.406567 8.707761 name 0
john 19 14 14 0.000479 3.389816 3.949555 name 0
john 20 03 NA 3.221255 NA 4.468736 name 0
john 21 12 6 0.788736 1.492351 3.667518 name 0
john 22 06 NA 0.00023 NA 4.988994 name 0
john 23 03 NA 1.02432 NA 3.423354 name 0
john 24 17 NA 3.921098 NA 4.384851 name 0
john 25 08 8 1.612261 3.67544 4.970784 name 0
john 26 08 8 2.288286 2.560303 3.391828 name 0
john 27 11 4 2.117498 2.709108 11.121346 name 1
john 28 17 NA 1.011333 NA 1.715047 name 0
john 29 07 6 0.668883 1.148623 3.067702 name 0
john 30 03 7 1.839412 2.367113 9.340032 name 1
katie 1 12 NA 1.124671 NA 1.892327 intensity 0
katie 2 11 11 0.990714 1.854353 2.81391 intensity 0
katie 3 08 7 1.732721 2.388425 7.570222 intensity 2
katie 4 17 NA 1.173426 NA 2.420871 intensity 0
katie 5 07 NA 0.549257 NA 2.724313 intensity 0
katie 6 05 11 1.557477 2.037083 6.547068 intensity 0
katie 7 06 7 0.003431 1.732674 4.019648 intensity 0
katie 8 04 4 0.001202 1.604788 2.820219 intensity 0
katie 9 07 7 0.002957 1.445099 2.54842 intensity 0
katie 10 12 NA 1.668864 NA 2.516449 intensity 0
katie 11 05 11 0.949227 1.14112 3.651938 intensity 0
katie 12 08 5 1.76851 2.392277 9.365105 intensity 1
katie 13 03 NA 0.002051 NA 4.706941 intensity 1
katie 14 14 NA 2.273247 NA 3.136868 intensity 0
katie 15 17 NA 1.332818 NA 2.931948 intensity 0
katie 16 14 14 0.660829 3.027764 3.699418 intensity 0
katie 17 11 11 0.949365 1.765356 2.804457 intensity 0
katie 18 06 NA 0.002292 NA 3.603743 intensity 0
katie 19 04 NA 0.001802 NA 1.780391 intensity 0
katie 20 14 NA 0.917675 NA 2.085485 intensity 0
katie 21 03 14 0.001084 2.196301 7.457959 intensity 0
katie 22 05 NA 2.768175 NA 7.949833 intensity 0
katie 23 03 NA 0.285226 NA 2.428554 intensity 0
katie 24 12 7 1.166254 1.614077 5.580304 intensity 0
katie 25 08 NA 2.548594 NA 3.540025 intensity 0
katie 26 14 NA 0.001784 NA 1.588647 intensity 0
katie 27 14 14 0.000986 2.339397 6.897316 intensity 0
katie 28 12 NA 0.851017 NA 2.306388 intensity 0
katie 29 11 NA 1.285123 NA 1.908829 intensity 0
katie 30 05 NA 0.001508 NA 2.068671 intensity 0
katie 31 07 3 0.709078 1.652466 3.571299 name 0
katie 32 14 3 0.002004 1.700116 3.842657 name 0
katie 33 17 17 1.189345 3.907682 4.419366 name 0
katie 34 12 4 0.948342 1.635857 6.976488 name 0
katie 35 05 5 0.772849 1.524338 2.723484 name 0
katie 36 11 5 0.001102 4.003501 5.298781 name 0
katie 37 05 5 0.001338 1.972601 2.660164 name 0
katie 38 11 5 0.001634 2.355291 3.74643 name 0
katie 39 06 4 1.459248 7.503326 9.533934 name 0
katie 40 11 NA 0.789544 NA 1.668903 name 0
katie 41 03 3 0.499376 2.082427 2.754049 name 0
katie 42 04 3 3.661824 4.15767 9.354277 name 0
katie 43 11 5 0.001971 3.875469 5.234666 name 0
katie 44 12 NA 0.933057 NA 3.843133 name 0
katie 45 14 3 0.001613 2.819273 9.550913 name 1
katie 46 07 3 0.001626 2.291599 3.74672 name 0
katie 47 03 3 0.001358 2.451974 3.219438 name 0
katie 48 04 3 0.85258 1.204375 3.426933 name 0
katie 49 07 3 0.002282 1.460302 2.835386 name 0
katie 50 04 3 0.001764 1.300951 2.803924 name 0
katie 51 05 5 0.98035 1.699898 2.371451 name 0
katie 52 06 4 1.220853 1.956312 3.395506 name 0
katie 53 12 NA 0.836461 NA 1.843816 name 0
katie 54 07 3 0.001199 1.271301 2.56632 name 0
katie 55 03 3 0.001763 1.428382 2.099952 name 0
katie 56 14 7 0.001785 1.971539 2.962965 name 0
katie 57 05 5 0.836284 1.427806 2.019543 name 0
katie 58 06 4 0.085706 1.237285 2.580083 name 0
katie 59 12 NA 0.708443 NA 2.531327 name 0
katie 60 17 17 2.291324 3.442517 3.906273 name 0
kevin 1 11 NA 2.468468 NA 3.01224 intensity 0
kevin 2 03 NA 1.546806 NA 3.513922 intensity 0
kevin 3 17 NA 0.931351 NA 5.585212 intensity 1
kevin 4 14 7 2.098629 4.161645 6.576568 intensity 0
kevin 5 03 NA 1.054142 NA 3.676951 intensity 0
kevin 6 03 NA 0.001481 NA 4.033634 intensity 0
kevin 7 04 NA 1.208065 NA 3.591004 intensity 0
kevin 8 14 14 1.427174 3.058362 4.497732 intensity 0
kevin 9 11 11 1.361728 2.305341 3.888669 intensity 0
kevin 10 06 NA 0.587562 NA 6.041117 intensity 0
kevin 11 03 NA 1.55158 NA 2.996083 intensity 0
kevin 12 07 NA 0.001257 NA NA intensity 0
kevin 13 17 NA 0.709845 NA 2.341146 intensity 0
kevin 14 04 NA 0.001434 NA 3.332242 intensity 0
kevin 15 08 NA 1.469792 NA 7.115332 intensity 1
kevin 16 08 NA 0.000471 NA 3.261478 intensity 0
kevin 17 06 NA 0.258328 NA 2.385406 intensity 0
kevin 18 06 NA 0.001511 NA 1.50801 intensity 0
kevin 19 12 NA 0.003416 NA 2.164854 intensity 0
kevin 20 05 11 2.245205 14.559562 16.846569 intensity 3
kevin 21 05 11 1.108163 5.506217 NA intensity 0
kevin 22 07 11 0.003009 2.133238 9.042334 intensity 1
kevin 23 14 7 1.013391 4.339929 6.467 intensity 0
kevin 24 12 NA 0.842818 NA 2.905943 intensity 0
kevin 25 17 NA 0.949493 NA 2.612793 intensity 0
kevin 26 17 NA 0.001228 NA 4.995476 intensity 0
kevin 27 12 NA 0.00166 NA 2.081977 intensity 0
kevin 28 17 NA 0.788449 NA 2.035852 intensity 0
kevin 29 17 NA 0.001167 NA NA intensity 0
kevin 30 14 7 1.013391 4.339929 6.467 intensity 0
kevin 31 14 3 0.001769 2.707783 8.191286 name 0
kevin 32 07 3 0.001402 1.925624 4.051913 name 0
kevin 33 17 NA 4.273551 NA 5.728392 name 0
kevin 34 06 6 0.00314 3.218597 3.937952 name 0
kevin 35 08 NA 1.044919 NA 2.323871 name 0
kevin 36 12 NA 0.724317 NA 6.191935 name 1
kevin 37 11 5 1.283809 8.110106 NA name 1
kevin 38 07 3 0.000523 2.467376 9.517516 name 0
kevin 39 03 3 0.804792 2.819169 3.970221 name 0
kevin 40 11 5 0.004986 4.642102 6.512533 name 0
kevin 41 11 NA 1.203994 NA 15.080458 name 1
kevin 42 07 6 0.002213 2.371302 4.449576 name 0
kevin 43 07 3 0.000637 3.378393 10.220738 name 0
kevin 44 14 3 3.430973 8.147191 10.241544 name 0
kevin 45 14 7 0.994554 4.304011 5.039379 name 0
kevin 46 03 3 0.001163 2.019773 2.739247 name 0
kevin 47 11 NA 0.000848 NA 3.698256 name 0
kevin 48 17 NA 0.804671 NA 2.579238 name 0
kevin 49 04 4 0.000533 2.115359 2.994696 name 0
kevin 50 17 NA 1.396635 NA 5.761132 name 0
kevin 51 07 3 0.820935 2.180237 9.69387 name 0
kevin 52 14 4 0.001576 3.458902 5.409337 name 0
kevin 53 17 NA 1.715385 NA 2.131023 name 0
kevin 54 14 3 3.037728 5.164077 7.354297 name 0
kevin 55 08 3 0.629108 1.764157 5.776901 name 0
kevin 56 05 NA 1.871927 NA 2.990958 name 0
kevin 57 07 3 0.262837 2.485189 3.68398 name 0
kevin 58 12 7 0.83713 2.323988 3.522984 name 0
kevin 59 14 3 0.957672 5.258168 6.217356 name 0
kevin 60 12 7 0.724322 1.827686 2.962488 name 0
molly 1 12 NA 0.693223 NA 2.772221 intensity 0
molly 2 08 8 0.693496 1.205208 1.301118 intensity 0
molly 3 05 5 1.839757 2.84727 3.423058 intensity 0
molly 4 07 7 0.002181 0.9492 5.555124 intensity 0
molly 5 08 NA 0.965773 NA 1.573544 intensity 0
molly 6 04 NA 0.003776 NA 1.269005 intensity 0
molly 7 05 11 2.788292 4.307607 5.938852 intensity 0
molly 8 17 NA 0.756047 NA 3.234908 intensity 0
molly 9 05 5 1.141034 3.97178 4.867362 intensity 0
molly 10 05 5 0.805854 2.19724 2.948984 intensity 0
molly 11 06 6 0.002529 1.52469 2.963964 intensity 0
molly 12 11 NA 0.757155 NA 1.988606 intensity 0
molly 13 07 7 0.003415 1.237202 1.956886 intensity 0
molly 14 04 NA 0.725239 NA 1.284979 intensity 0
molly 15 14 NA 1.186548 NA 2.002177 intensity 0
molly 16 03 NA 0.001261 NA 1.267772 intensity 0
molly 17 03 NA 0.000668 NA 2.340369 intensity 0
molly 18 03 3 0.001185 2.78621 3.042075 intensity 0
molly 19 12 12 0.949373 1.65299 2.788561 intensity 0
molly 20 06 7 0.389582 1.125234 2.676601 intensity 0
molly 21 03 NA 0.38882 NA 1.940026 intensity 0
molly 22 12 12 0.788972 1.204828 1.956421 intensity 0
molly 23 04 7 0.293791 1.045444 2.804597 intensity 0
molly 24 17 NA 2.098776 NA 3.810013 intensity 0
molly 25 05 11 0.811617 1.531284 3.162474 intensity 0
molly 26 04 NA 0.727468 NA 2.694473 intensity 0
molly 27 07 7 1.969141 6.399141 7.278723 intensity 0
molly 28 07 14 0.001251 1.237568 2.676835 intensity 0
molly 29 12 NA 0.862559 NA 2.973576 intensity 0
molly 30 07 NA 0.002551 NA 3.315999 intensity 0
molly 31 03 3 0.002247 1.396974 2.18068 name 0
molly 32 12 NA 1.796094 NA 2.915591 name 0
molly 33 06 6 0.896783 4.351138 5.198705 name 0
molly 34 07 3 0.001359 1.090719 2.593919 name 0
molly 35 14 3 0.001301 2.338643 4.049704 name 0
molly 36 12 3 0.501613 1.285159 4.835588 name 0
molly 37 11 5 0.756486 3.73109 5.922099 name 0
molly 38 14 3 0.759606 1.959015 4.038075 name 0
molly 39 03 3 3.007899 3.791447 4.495166 name 0
molly 40 08 NA 1.535732 NA 2.36732 name 0
molly 41 11 5 0.787057 1.538706 3.137993 name 0
molly 42 14 3 4.706396 5.697894 7.26518 name 0
molly 43 03 3 0.000603 1.176197 1.80002 name 0
molly 44 11 11 1.396555 2.004027 2.403845 name 0
molly 45 03 3 0.001661 1.156653 1.732401 name 0
molly 46 03 3 0.001266 1.812649 2.436313 name 0
molly 47 07 3 0.001269 1.238243 2.389682 name 0
molly 48 17 NA 0.715602 NA 1.275299 name 0
molly 49 11 11 2.421853 4.373001 4.724771 name 0
molly 50 07 3 0.31359 1.209144 2.504591 name 0
molly 51 05 5 0.869324 1.988832 2.580601 name 0
molly 52 17 4 1.905983 2.769569 4.048943 name 0
molly 53 17 4 0.210417 1.250037 2.641254 name 0
molly 54 05 5 0.836541 1.33226 2.01988 name 0
molly 55 04 3 0.001179 1.141397 2.388825 name 0
molly 56 08 NA 0.72508 NA 1.444667 name 0
molly 57 07 3 0.000881 2.723911 4.003118 name 0
molly 58 17 4 0.693138 2.292444 7.921732 name 1
molly 59 03 5 0.001011 0.001011 2.66055 name 0
molly 60 17 4 0.78303 1.294897 2.494219 name 0
nader 31 11 5 1.908751 2.724426 3.971954 intensity 0
nader 32 17 NA 0.001316 NA 1.284651 intensity 0
nader 33 07 NA 0.001446 NA 4.963595 intensity 1
nader 34 07 NA 0.001258 NA 1.941046 intensity 0
nader 35 05 5 0.869611 7.794541 8.77005 intensity 0
nader 36 14 5 1.284613 2.084246 5.378898 intensity 0
nader 37 07 14 0.001693 4.275884 6.738558 intensity 0
nader 38 11 5 0.869619 2.35682 7.346759 intensity 0
nader 39 14 14 0.837934 2.085068 2.868724 intensity 0
nader 40 08 8 1.700668 2.564394 NA intensity 1
nader 41 14 14 0.709339 2.132825 2.804515 intensity 0
nader 42 11 11 1.214319 2.637727 3.277273 intensity 0
nader 43 05 11 1.692743 1.996518 6.170584 intensity 0
nader 44 04 4 0.002319 2.067912 2.963516 intensity 0
nader 45 06 6 0.002131 1.978711 3.098064 intensity 0
nader 46 03 4 0.676876 2.116308 3.923597 intensity 0
nader 47 07 7 0.24516 2.052378 2.851864 intensity 0
nader 48 07 4 0.001364 1.845026 8.114231 intensity 1
nader 49 11 11 0.772519 2.531671 3.379316 intensity 0
nader 50 05 NA 0.676915 NA 2.068456 intensity 0
nader 51 12 NA 1.892902 NA 2.948235 intensity 0
nader 52 14 NA 0.773113 NA 2.052586 intensity 0
nader 53 08 8 1.801814 2.953271 3.736981 intensity 0
nader 54 05 5 1.685602 3.988341 4.58012 intensity 0
nader 55 06 NA 0.003389 NA 2.980946 intensity 0
nader 56 14 14 0.758425 2.165942 2.85354 intensity 0
nader 57 06 NA 0.00216 NA 4.883594 intensity 0
nader 58 06 6 0.001406 2.707716 3.587346 intensity 0
nader 59 05 NA 1.028754 NA 2.291899 intensity 0
nader 60 14 3 0.852759 5.075441 6.434158 intensity 1
nader 1 04 4 0.00093 1.812765 2.420559 name 0
nader 2 08 NA 1.957016 NA 3.620343 name 0
nader 3 05 5 0.781285 2.828352 3.452037 name 0
nader 4 14 3 0.693488 2.212804 3.828136 name 0
nader 5 08 NA 0.965184 NA 1.972634 name 0
nader 6 05 NA 0.64555 NA 2.068954 name 0
nader 7 14 3 1.092632 2.195883 8.737036 name 0
nader 8 07 4 0.001684 2.053327 15.6791 name 0
nader 9 03 3 0.001248 2.212711 2.980325 name 0
nader 10 08 NA 0.725673 NA 1.749317 name 0
nader 11 14 3 0.001605 2.100143 3.619521 name 0
nader 12 06 4 0.845273 2.028715 3.068305 name 0
nader 13 11 5 1.477189 2.468846 3.716048 name 0
nader 14 14 3 1.268847 1.732727 3.283976 name 0
nader 15 07 4 0.001528 1.924778 14.191379 name 0
nader 16 03 3 0.00152 2.148875 3.156371 name 0
nader 17 17 NA 0.004612 NA 4.212084 name 0
nader 18 04 4 0.001753 1.732195 2.387632 name 0
nader 19 12 NA 0.837176 NA 2.132595 name 0
nader 20 07 3 0.001638 2.980576 4.419708 name 0
nader 21 11 5 0.661431 3.204123 4.819477 name 0
nader 22 12 NA 0.788761 NA 1.908308 name 0
nader 23 05 NA 1.653068 NA 2.516608 name 0
nader 24 11 5 0.853336 2.116752 3.987793 name 0
nader 25 14 3 0.908721 2.172125 3.675542 name 0
nader 26 06 NA 2.327729 NA 6.310076 name 1
nader 27 04 6 0.002002 1.956107 3.539394 name 1
nader 28 05 NA 0.677111 NA 3.171964 name 0
nader 29 08 8 1.317158 2.164529 3.060206 name 0
nader 30 17 NA 0.003131 NA 3.98798 name 0
nelson 31 03 3 0.001176 1.477498 2.10129 intensity 0
nelson 32 03 3 0.001568 1.2207 1.780115 intensity 0
nelson 33 03 3 0.001551 1.173305 1.621098 intensity 0
nelson 34 11 5 0.002427 2.916517 5.203513 intensity 1
nelson 35 17 NA 1.541456 NA 3.588432 intensity 0
nelson 36 12 4 0.932537 1.316389 3.251606 intensity 0
nelson 37 14 3 0.002239 1.332715 2.612157 intensity 0
nelson 38 08 7 1.030607 1.638338 5.540562 intensity 0
nelson 39 05 11 0.687898 1.263463 3.390436 intensity 0
nelson 40 12 12 0.725933 2.565165 3.284894 intensity 0
nelson 41 14 14 0.002601 1.285509 1.909302 intensity 0
nelson 42 14 14 0.001529 1.269406 1.781197 intensity 0
nelson 43 04 NA 0.001778 NA 5.187504 intensity 1
nelson 44 11 5 0.0018 1.332935 3.811757 intensity 0
nelson 45 06 6 0.747859 1.147591 2.299087 intensity 0
nelson 46 05 5 0.613326 1.253019 5.955113 intensity 0
nelson 47 04 11 0.001876 1.125294 2.420616 intensity 0
nelson 48 06 NA 0.003625 NA 1.076583 intensity 0
nelson 49 17 NA 0.661418 NA 1.780573 intensity 0
nelson 50 07 3 0.001767 1.077202 6.018969 intensity 0
nelson 51 03 NA 1.497214 NA 2.696677 intensity 0
nelson 52 07 3 0.003207 0.965019 NA intensity 0
nelson 53 12 12 1.493116 2.452448 2.964257 intensity 0
nelson 54 08 3 1.710793 2.254486 3.741929 intensity 0
nelson 55 08 NA 0.827394 NA 6.488873 intensity 3
nelson 56 03 3 0.002311 1.172975 1.70081 intensity 0
nelson 57 03 NA 0.453204 NA 2.420316 intensity 0
nelson 58 05 3 0.645642 1.237366 4.531954 intensity 1
nelson 59 17 NA 0.72248 NA 1.089997 intensity 0
nelson 60 08 14 0.709412 1.381131 3.252276 intensity 0
nelson 1 04 4 0.003959 0.004475 0.9966 name 0
nelson 2 03 3 0.002116 1.220607 1.684362 name 0
nelson 3 12 7 0.741381 1.333151 6.211052 name 0
nelson 4 12 7 0.00159 2.388461 6.322765 name 0
nelson 5 11 5 2.123742 2.475537 5.738079 name 0
nelson 6 14 3 0.481068 2.224287 11.228323 name 0
nelson 7 03 NA 0.001536 NA 7.170284 name 0
nelson 8 06 4 0.262023 1.221508 5.347686 name 0
nelson 9 03 3 2.458965 2.986663 6.153306 name 0
nelson 10 11 5 7.073305 13.246664 18.25242 name 1
nelson 11 12 7 1.836158 2.491903 4.187147 name 0
nelson 12 17 4 0.725043 4.835239 13.039642 name 0
nelson 13 11 5 0.304006 4.734072 9.707811 name 1
nelson 14 11 4 0.556404 1.292063 11.431583 name 0
nelson 15 14 3 0.729347 1.321168 6.230971 name 0
nelson 16 05 NA 0.565539 NA 8.466018 name 0
nelson 17 11 NA 3.215942 NA 7.917982 name 0
nelson 18 17 NA 3.283397 NA 6.305954 name 0
nelson 19 11 5 0.001586 3.252606 5.171846 name 0
nelson 20 07 3 0.564789 1.156546 5.762593 name 0
nelson 21 03 3 0.001126 1.444875 2.788216 name 0
nelson 22 14 3 0.001808 1.157648 5.491602 name 0
nelson 23 11 3 2.731556 3.595229 10.104343 name 1
nelson 24 17 4 0.916661 4.067257 6.178293 name 0
nelson 25 06 6 0.003419 0.980726 1.94027 name 0
nelson 26 07 3 0.001598 1.141316 2.692611 name 0
nelson 27 17 NA 0.677145 NA 1.125047 name 0
nelson 28 11 5 0.549438 1.269026 2.308666 name 0
nelson 29 14 3 0.003021 2.101057 4.995773 name 0
nelson 30 12 7 2.570821 3.626428 5.03375 name 0
nick 1 14 NA 0.001382 NA 1.908702 intensity 0
nick 2 07 NA 0.000894 NA 2.729818 intensity 0
nick 3 11 11 0.96536 2.356646 3.827942 intensity 0
nick 4 06 11 1.16705 2.03065 3.038204 intensity 0
nick 5 11 11 1.012838 8.75339 9.361162 intensity 1
nick 6 11 11 1.093472 4.420072 5.027711 intensity 0
nick 7 05 5 0.001482 3.314971 4.146655 intensity 0
nick 8 04 NA 0.581776 NA 4.148077 intensity 0
nick 9 14 NA 1.06131 NA 3.396257 intensity 0
nick 10 12 NA 0.772821 NA 2.628049 intensity 0
nick 11 12 NA 0.001585 NA 1.988633 intensity 0
nick 12 11 NA 0.949462 NA 1.973031 intensity 0
nick 13 11 NA 0.75652 NA 2.036016 intensity 0
nick 14 11 NA 0.001633 NA 2.948175 intensity 0
nick 15 07 7 0.001881 1.732609 2.660191 intensity 0
nick 16 08 NA 1.514243 NA 2.841651 intensity 0
nick 17 07 7 0.869763 1.813256 4.676009 intensity 0
nick 18 04 NA 0.002518 NA 1.84395 intensity 0
nick 19 12 NA 1.045116 NA 2.052617 intensity 0
nick 20 04 NA 0.003554 NA 3.890612 intensity 1
nick 21 12 NA 0.900973 NA 1.780522 intensity 0
nick 22 11 NA 1.700649 NA 1.8926 intensity 0
nick 23 07 NA 0.772514 NA 2.291819 intensity 0
nick 24 07 NA 0.001763 NA 1.396933 intensity 0
nick 25 14 NA 0.001524 NA 2.149058 intensity 0
nick 26 12 NA 0.885003 NA 8.049891 intensity 1
nick 27 14 NA 0.467188 NA 2.274429 intensity 0
nick 28 17 NA 1.14124 NA 2.372272 intensity 0
nick 29 06 NA 0.002596 NA 2.356845 intensity 0
nick 30 11 11 2.005013 3.140582 4.53194 intensity 0
nick 31 07 3 0.001839 1.462157 4.085001 name 0
nick 32 06 6 0.766523 1.998089 2.589707 name 0
nick 33 17 NA 1.316874 NA 2.292421 name 0
nick 34 14 3 1.679459 4.685994 6.701185 name 0
nick 35 12 8 1.012673 2.100157 3.459542 name 0
nick 36 17 NA 1.300743 NA 2.148353 name 0
nick 37 08 NA 0.964864 NA 1.988487 name 0
nick 38 04 4 0.001847 4.035523 4.755271 name 0
nick 39 14 3 0.002147 4.754953 5.826429 name 0
nick 40 17 14 0.580808 2.2121 4.131152 name 0
nick 41 11 5 0.65836 1.873826 2.88131 name 0
nick 42 05 5 0.677523 1.94081 2.724549 name 0
nick 43 14 3 0.747841 1.435497 2.682997 name 0
nick 44 06 6 0.002656 1.348368 2.388017 name 0
nick 45 11 3 0.692951 0.964833 3.539734 name 0
nick 46 12 NA 1.381317 NA 3.092662 name 0
nick 47 12 12 0.001365 1.548924 2.31662 name 0
nick 48 07 7 0.000475 1.877042 2.292821 name 0
nick 49 03 3 0.001344 1.204571 1.924183 name 0
nick 50 14 3 0.001597 3.091946 4.339422 name 0
nick 51 11 3 1.027965 1.203924 9.52028 name 0
nick 52 05 5 0.000928 1.333044 2.11649 name 0
nick 53 14 3 0.564992 1.300708 2.27621 name 0
nick 54 07 3 0.001352 1.668796 2.708456 name 0
nick 55 14 3 3.816756 4.424616 5.863907 name 0
nick 56 11 5 0.274396 1.953559 2.577258 name 0
nick 57 06 6 0.00381 2.435668 2.979497 name 0
nick 58 12 6 0.772664 2.020085 6.034365 name 0
nick 59 07 3 0.151951 1.735229 4.070225 name 0
nick 60 05 3 1.55675 1.636722 4.867277 name 0
patrick 31 17 NA 1.06157 NA 3.395697 intensity 0
patrick 32 03 3 1.043509 3.297831 4.193011 intensity 0
patrick 33 11 3 0.69702 2.759454 7.379841 intensity 0
patrick 34 14 3 1.29697 3.375264 4.734189 intensity 0
patrick 35 08 NA 1.093503 NA 2.165023 intensity 0
patrick 36 04 4 2.169663 4.072781 4.952348 intensity 0
patrick 37 14 3 0.982485 2.214001 3.557233 intensity 0
patrick 38 03 3 0.001022 1.924119 2.675751 intensity 0
patrick 39 03 NA 0.980793 NA 1.892362 intensity 0
patrick 40 11 NA 5.639553 NA 7.8305 intensity 0
patrick 41 14 14 1.269758 9.777847 11.073232 intensity 1
patrick 42 03 14 0.001431 1.700964 4.979431 intensity 0
patrick 43 05 11 0.676746 3.379476 5.986248 intensity 0
patrick 44 06 4 2.893135 11.976893 NA intensity 0
patrick 45 08 NA 1.580186 NA 2.987514 intensity 0
patrick 46 11 11 2.52359 4.698592 5.690185 intensity 0
patrick 47 12 NA 1.482744 NA 2.410268 intensity 0
patrick 48 11 NA 1.454624 NA 2.142181 intensity 0
patrick 49 08 NA 2.096632 NA 3.087992 intensity 0
patrick 50 07 NA 0.001308 NA 3.059948 intensity 0
patrick 51 06 NA 0.427555 NA 2.154809 intensity 0
patrick 52 17 NA 3.302064 NA 4.325604 intensity 0
patrick 53 03 NA 1.115261 NA 2.042802 intensity 0
patrick 54 14 14 2.230695 4.565598 5.02937 intensity 0
patrick 55 11 NA 2.481086 NA 5.167867 intensity 0
patrick 56 14 14 1.525932 8.642654 9.746194 intensity 2
patrick 57 12 12 1.54263 2.198365 4.37334 intensity 0
patrick 58 06 NA 0.963175 NA 2.81833 intensity 0
patrick 59 03 3 0.52899 2.511887 3.359526 intensity 0
patrick 60 12 NA 1.672402 NA 2.695902 intensity 0
patrick 1 17 NA 0.740471 NA 2.147303 name 0
patrick 2 06 6 0.731728 1.515157 2.634163 name 0
patrick 3 14 3 0.624494 2.542984 4.60537 name 0
patrick 4 14 3 0.001323 1.440065 4.125908 name 0
patrick 5 17 NA 0.794173 NA 1.833341 name 0
patrick 6 17 4 0.001179 1.590505 3.540884 name 0
patrick 7 05 NA 0.633767 NA 1.880701 name 0
patrick 8 08 8 1.72631 9.943703 11.862179 name 0
patrick 9 05 NA 2.567902 NA 3.335265 name 0
patrick 10 08 NA 2.083168 NA 3.633834 name 0
patrick 11 08 7 0.925776 2.364551 4.07511 name 0
patrick 12 14 3 1.962981 2.954265 4.489029 name 0
patrick 13 08 NA 3.561899 NA 4.691962 name 0
patrick 14 12 7 2.181872 2.389731 3.892469 name 0
patrick 15 17 NA 1.390052 NA 2.796813 name 0
patrick 16 08 NA 2.497829 NA 4.831851 name 0
patrick 17 03 NA 0.791345 NA 2.182065 name 0
patrick 18 04 4 0.940333 2.363174 3.626149 name 0
patrick 19 07 3 5.508697 6.707683 8.610102 name 0
patrick 20 12 7 1.197412 1.821008 3.339719 name 0
patrick 21 12 NA NA NA NA name 0
patrick 22 11 5 1.771642 2.858733 4.137655 name 0
patrick 23 12 7 1.172784 6.672422 9.677765 name 0
patrick 24 08 8 4.052543 8.129075 9.15222 name 0
patrick 25 05 NA 0.987806 NA 2.746434 name 0
patrick 26 03 NA 0.001028 NA 1.992133 name 0
patrick 27 11 5 0.058666 2.232838 3.991611 name 0
patrick 28 04 4 0.002465 1.811818 2.659168 name 0
patrick 29 07 3 1.101024 1.884409 3.307236 name 0
patrick 30 07 7 0.00142 2.514779 2.914432 name 0
warren 1 07 NA 0.023599 NA 8.755563 intensity 0
warren 2 06 6 0.000721 1.029692 1.749441 intensity 0
warren 3 07 7 0.001701 1.22143 1.637264 intensity 0
warren 4 03 7 0.002783 1.460734 11.200304 intensity 1
warren 5 08 NA 0.661272 NA 1.924682 intensity 0
warren 6 03 7 0.001589 1.237339 4.068108 intensity 0
warren 7 07 7 0.001868 1.364066 1.859792 intensity 0
warren 8 03 3 0.001473 4.835343 5.363194 intensity 1
warren 9 12 7 0.757568 1.365204 3.028562 intensity 0
warren 10 07 NA 0.001509 NA 1.7167 intensity 0
warren 11 06 NA 0.001615 NA 2.548502 intensity 0
warren 12 11 5 0.789778 1.301547 2.564946 intensity 0
warren 13 03 3 0.001548 1.36559 1.797401 intensity 0
warren 14 17 NA 1.284859 NA 3.475951 intensity 0
warren 15 05 4 1.28575 1.493442 3.444505 intensity 0
warren 16 17 4 1.02867 1.204624 3.427529 intensity 0
warren 17 06 6 0.001481 3.667965 4.27566 intensity 0
warren 18 04 3 0.001513 1.685211 2.94862 intensity 0
warren 19 07 7 0.001442 1.071511 1.535291 intensity 0
warren 20 12 NA 0.933124 NA 2.772209 intensity 0
warren 21 14 14 0.002322 3.39634 4.627841 intensity 0
warren 22 03 3 0.000502 1.220865 2.116464 intensity 0
warren 23 14 14 0.001768 2.084522 2.420296 intensity 0
warren 24 11 4 0.948397 2.227844 3.619193 intensity 0
warren 25 11 4 0.789617 1.285396 2.436932 intensity 0
warren 26 14 3 0.001222 1.205054 2.084609 intensity 0
warren 27 05 5 0.917614 1.205128 2.756518 intensity 0
warren 28 14 14 0.001721 3.140094 4.275589 intensity 0
warren 29 03 14 0.001394 0.837687 1.461412 intensity 0
warren 30 12 3 1.733507 2.261117 3.188725 intensity 0
warren 31 07 7 0.00169 3.396896 3.540587 name 0
warren 32 11 NA 0.730857 NA 3.401694 name 0
warren 33 11 5 0.653016 1.404671 5.274907 name 0
warren 34 12 NA 0.596917 NA 2.148246 name 0
warren 35 06 7 0.001554 3.460077 6.658786 name 0
warren 36 06 7 0.001604 1.365501 2.420979 name 0
warren 37 12 7 0.565403 1.812851 3.524094 name 0
warren 38 03 14 0.002109 1.300339 2.499788 name 0
warren 39 05 5 1.300955 2.244358 2.916115 name 0
warren 40 05 5 1.284528 2.67605 3.203818 name 0
warren 41 17 4 0.86986 1.541215 7.634457 name 0
warren 42 17 17 0.001833 2.10038 2.724136 name 0
warren 43 04 17 0.000728 1.525176 7.538424 name 0
warren 44 17 17 0.597072 1.860605 2.452236 name 0
warren 45 11 11 1.205392 4.659778 5.315467 name 0
warren 46 03 3 0.00064 1.944973 2.376705 name 0
warren 47 03 14 0.001601 2.100615 6.00283 name 0
warren 48 12 NA 0.692904 NA 1.764373 name 0
warren 49 05 5 1.364689 2.995759 3.635508 name 0
warren 50 07 7 0.001234 2.212984 2.612563 name 0
warren 51 17 NA 0.804819 NA 4.019367 name 0
warren 52 03 3 0.001685 2.820687 3.25257 name 0
warren 53 06 6 0.002604 2.276567 2.724379 name 0
warren 54 11 11 2.819714 4.115143 4.403055 name 0
warren 55 11 11 0.853261 3.459856 3.811669 name 0
warren 56 07 7 0.002434 2.02017 2.515906 name 0
warren 57 03 14 0.00215 1.989055 3.252583 name 0
warren 58 03 NA NA NA NA name 0
warren 59 07 7 0.00169 3.380593 3.972037 name 1
warren 60 12 NA 1.653073 NA 3.23643 name 0
